origin,destination,distance
3,1,1
3,2,2
3,3,0
3,4,1
3,5,2
3,6,2
3,7,1
3,8,1
3,9,2
3,10,2
3,11,1
3,12,2
3,13,2
3,14,2
3,15,2
3,16,2
3,17,2
3,18,1
3,19,2
3,20,2
3,21,1
3,22,1
3,23,2
3,24,1
3,25,1
3,26,2
3,27,1
3,28,2
3,29,2
3,30,2
3,31,2
3,32,2
3,33,2
3,34,2
3,35,2
3,36,2
3,37,2
3,38,1
3,39,1
3,40,1
3,41,1
3,42,2
3,43,2
3,44,1
3,45,1
3,46,1
3,47,2
3,48,2
3,49,2
3,50,2
3,51,2
3,52,1
3,53,2
3,54,2
3,55,1
3,56,1
3,57,2
3,58,2
3,59,2
3,60,2
3,61,1
3,62,2
3,63,2
3,64,1
3,65,2
3,66,2
3,67,1
3,68,2
3,69,1
3,70,1
3,71,2
3,72,2
3,73,2
3,74,1
3,75,2
3,76,2
3,77,2
3,78,2
3,79,2
3,80,2
3,81,2
3,82,2
3,83,1
3,84,2
3,85,1
3,86,1
3,87,1
3,88,2
3,89,2
3,90,2
3,91,2
3,92,1
3,93,2
3,94,2
3,95,1
3,96,2
3,97,2
3,98,2
3,99,2
3,100,2
3,101,1
3,102,2
3,103,2
3,104,2
3,105,1
3,106,2
3,107,1
3,108,2
3,109,2
3,110,2
3,111,2
3,112,1
3,113,1
3,114,2
3,115,2
3,116,1
3,117,2
3,118,2
3,119,2
3,120,2
3,121,1
3,122,1
3,123,1
3,124,2
3,125,1
3,126,2
3,127,2
3,128,2
3,129,1
3,130,2
3,131,2
3,132,1
3,133,2
3,134,1
3,135,2
3,136,1
3,137,1
3,138,2
3,139,1
3,140,1
3,141,2
3,142,2
3,143,1
3,144,2
3,145,1
3,146,2
3,147,2
3,148,1
3,149,2
3,150,2
3,151,2
3,152,1
3,153,2
3,154,2
3,155,1
3,156,2
3,157,2
3,158,1
3,159,2
3,160,1
3,161,2
3,162,2
3,163,2
3,164,2
3,165,1
3,166,2
3,167,2
3,168,2
3,169,2
3,170,2
3,171,1
3,172,1
3,173,1
3,174,1
3,175,2
3,176,2
3,177,2
3,178,1
3,179,2
3,180,2
3,181,2
3,182,2
3,183,1
3,184,1
3,185,2
3,186,2
3,187,1
3,188,2
3,189,2
3,190,2
3,191,2
3,192,2
3,193,2
3,194,2
3,195,2
3,196,1
3,197,2
3,198,2
3,199,1
3,200,2
3,201,2
3,202,2
3,203,1
3,204,2
3,205,1
3,206,1
3,207,2
3,208,2
3,209,2
3,210,2
3,211,2
3,212,1
3,213,1
3,214,1
3,215,1
3,216,2
3,217,2
3,218,2
3,219,1
3,220,1
3,221,2
3,222,1
3,223,1
3,224,1
3,225,1
3,226,1
3,227,1
3,228,2
3,229,2
3,230,2
3,231,2
3,232,2
3,233,1
3,234,2
3,235,1
3,236,2
3,237,1
3,238,1
3,239,2
3,240,2
3,241,1
3,242,2
3,243,2
3,244,1
3,245,1
3,246,2
3,247,1
3,248,2
3,249,2
3,250,2
3,251,2
3,252,2
3,253,2
3,254,2
3,255,1
3,256,2
3,257,2
3,258,2
3,259,1
3,260,2
3,261,2
3,262,1
3,263,2
3,264,2
3,265,1
3,266,2
3,267,1
3,268,2
3,269,2
3,270,2
3,271,1
3,272,1
3,273,1
3,274,2
3,275,2
3,276,1
3,277,2
3,278,1
3,279,2
3,280,2
3,281,2
3,282,1
3,283,2
3,284,1
3,285,2
3,286,2
3,287,2
3,288,2
3,289,2
3,290,1
3,291,2
3,292,1
3,293,2
3,294,2
3,295,2
3,296,1
3,297,2
3,298,2
3,299,1
3,300,1
3,301,2
3,302,1
3,303,1
3,304,2
3,305,1
3,306,1
3,307,1
3,308,1
3,309,2
3,310,2
3,311,2
3,312,1
3,313,1
3,314,1
3,315,1
3,316,2
3,317,1
3,318,2
3,319,1
3,320,1
3,321,2
3,322,2
3,323,2
3,324,1
3,325,2
3,326,1
3,327,2
3,328,1
3,329,1
3,330,2
3,331,2
3,332,2
3,333,1
3,334,2
3,335,2
3,336,2
3,337,2
3,338,1
3,339,1
3,340,2
3,341,2
3,342,2
3,343,2
3,344,2
3,345,2
3,346,2
3,347,2
3,348,2
3,349,1
3,350,2
3,351,2
3,352,1
3,353,2
3,354,1
3,355,2
3,356,2
3,357,1
3,358,2
3,359,1
3,360,2
3,361,2
3,362,1
3,363,2
3,364,2
3,365,1
3,366,2
3,367,2
3,368,2
3,369,2
3,370,1
3,371,2
3,372,2
3,373,1
3,374,2
3,375,2
3,376,2
3,377,2
3,378,2
3,379,1
3,380,2
3,381,2
3,382,1
3,383,1
3,384,2
3,385,2
3,386,1
3,387,1
3,388,1
3,389,1
3,390,2
3,391,1
3,392,1
3,393,2
3,394,2
3,395,1
3,396,1
3,397,2
3,398,2
3,399,1
3,400,1
3,401,2
3,402,2
3,403,1
3,404,2
3,405,2
3,406,1
3,407,2
3,408,1
3,409,2
3,410,2
3,411,1
3,412,1
3,413,1
3,414,2
3,415,2
3,416,2
3,417,2
3,418,2
3,419,2
3,420,2
3,421,1
3,422,2
3,423,2
3,424,1
3,425,2
3,426,2
3,427,1
3,428,1
3,429,1
3,430,2
3,431,2
3,432,1
3,433,2
3,434,2
3,435,2
3,436,1
3,437,2
3,438,1
3,439,2
3,440,2
3,441,2
3,442,1
3,443,1
3,444,1
3,445,1
3,446,2
3,447,1
3,448,2
3,449,1
3,450,2
3,451,2
3,452,1
3,453,1
3,454,1
3,455,1
3,456,1
3,457,2
3,458,2
3,459,2
3,460,2
3,461,2
3,462,2
3,463,2
3,464,2
3,465,2
3,466,2
3,467,2
3,468,1
3,469,1
3,470,1
3,471,1
3,472,1
3,473,2
3,474,2
3,475,2
3,476,1
3,477,2
3,478,1
3,479,2
3,480,2
3,481,1
3,482,2
3,483,1
3,484,1
3,485,1
3,486,1
3,487,1
3,488,2
3,489,1
3,490,2
3,491,2
3,492,1
3,493,2
3,494,2
3,495,1
3,496,2
3,497,1
3,498,2
3,499,2
3,500,2
3,501,1
3,502,2
3,503,2
3,504,2
3,505,2
3,506,1
3,507,2
3,508,2
3,509,2
3,510,2
3,511,1
3,512,1
3,513,2
3,514,2
3,515,1
3,516,2
3,517,1
3,518,2
3,519,1
3,520,1
3,521,2
3,522,2
3,523,1
3,524,1
3,525,2
3,526,1
3,527,2
3,528,2
3,529,2
3,530,2
3,531,2
3,532,1
3,533,2
3,534,2
3,535,1
3,536,2
3,537,1
3,538,2
3,539,2
3,540,1
3,541,2
3,542,1
3,543,1
3,544,2
3,545,2
3,546,1
3,547,2
3,548,1
3,549,2
3,550,2
3,551,1
3,552,2
3,553,2
3,554,2
3,555,1
3,556,2
3,557,1
3,558,1
3,559,1
3,560,2
3,561,2
3,562,2
3,563,2
3,564,2
3,565,1
3,566,2
3,567,2
3,568,2
3,569,2
3,570,2
3,571,2
3,572,2
3,573,1
3,574,1
3,575,2
3,576,2
3,577,2
3,578,1
3,579,1
3,580,2
3,581,2
3,582,2
3,583,1
3,584,1
3,585,2
3,586,1
3,587,2
3,588,1
3,589,2
3,590,2
3,591,2
3,592,1
3,593,1
3,594,2
3,595,2
3,596,2
3,597,2
3,598,1
3,599,2
3,600,2
3,601,1
3,602,1
3,603,2
3,604,1
3,605,1
3,606,2
3,607,1
3,608,2
3,609,1
3,610,2
3,611,1
3,612,2
3,613,1
3,614,1
3,615,2
3,616,2
3,617,2
3,618,2
3,619,1
3,620,2
3,621,2
3,622,2
3,623,2
3,624,2
3,625,1
3,626,2
3,627,1
3,628,2
3,629,2
3,630,1
3,631,2
3,632,1
3,633,2
3,634,2
3,635,2
3,636,2
3,637,1
3,638,2
3,639,2
3,640,2
3,641,2
3,642,1
3,643,1
3,644,2
3,645,2
3,646,2
3,647,2
3,648,2
3,649,2
3,650,2
3,651,2
3,652,1
3,653,2
3,654,2
3,655,1
3,656,2
3,657,1
3,658,1
3,659,2
3,660,1
3,661,2
3,662,1
3,663,1
3,664,2
3,665,2
3,666,1
3,667,1
3,668,2
3,669,2
3,670,1
3,671,2
3,672,2
3,673,2
3,674,2
3,675,2
3,676,1
3,677,2
3,678,2
3,679,2
3,680,1
3,681,2
3,682,2
3,683,2
3,684,2
3,685,2
3,686,2
3,687,1
3,688,2
3,689,2
3,690,2
3,691,1
3,692,2
3,693,1
3,694,2
3,695,1
3,696,2
3,697,2
3,698,1
3,699,1
3,700,2
3,701,2
3,702,2
3,703,2
3,704,2
3,705,1
3,706,2
3,707,2
3,708,2
3,709,1
3,710,2
3,711,2
3,712,1
3,713,1
3,714,2
3,715,2
3,716,2
3,717,1
3,718,1
3,719,1
3,720,1
3,721,1
3,722,1
3,723,2
3,724,2
3,725,2
3,726,2
3,727,1
3,728,1
3,729,2
3,730,2
3,731,1
3,732,2
3,733,1
3,734,2
3,735,2
3,736,2
3,737,2
3,738,2
3,739,2
3,740,2
3,741,1
3,742,1
3,743,2
3,744,1
3,745,1
3,746,2
3,747,2
3,748,2
3,749,1
3,750,2
3,751,2
3,752,1
3,753,2
3,754,2
3,755,2
3,756,1
3,757,2
3,758,2
3,759,1
3,760,1
3,761,1
3,762,2
3,763,2
3,764,1
3,765,2
3,766,2
3,767,2
3,768,1
3,769,2
3,770,1
3,771,1
3,772,2
3,773,2
3,774,2
3,775,1
3,776,2
3,777,1
3,778,1
3,779,2
3,780,1
3,781,2
3,782,2
3,783,2
3,784,2
3,785,2
3,786,1
3,787,1
3,788,1
3,789,2
3,790,2
3,791,2
3,792,2
3,793,2
3,794,2
3,795,1
3,796,1
3,797,2
3,798,2
3,799,1
3,800,2
3,801,2
3,802,1
3,803,1
3,804,2
3,805,2
3,806,2
3,807,1
3,808,2
3,809,2
3,810,2
3,811,2
3,812,2
3,813,2
3,814,2
3,815,2
3,816,2
3,817,2
3,818,1
3,819,2
3,820,2
3,821,2
3,822,1
3,823,1
3,824,2
3,825,2
3,826,2
3,827,1
3,828,2
3,829,2
3,830,1
3,831,2
3,832,2
3,833,2
3,834,2
3,835,2
3,836,2
3,837,2
3,838,2
3,839,2
3,840,1
3,841,2
3,842,2
3,843,2
3,844,2
3,845,1
3,846,1
3,847,2
3,848,1
3,849,1
3,850,1
3,851,1
3,852,1
3,853,2
3,854,1
3,855,2
3,856,1
3,857,2
3,858,2
3,859,2
3,860,2
3,861,2
3,862,1
3,863,2
3,864,1
3,865,1
3,866,2
3,867,2
3,868,2
3,869,2
3,870,2
3,871,1
3,872,2
3,873,2
3,874,1
3,875,1
3,876,2
3,877,2
3,878,2
3,879,1
3,880,2
3,881,2
3,882,2
3,883,1
3,884,1
3,885,2
3,886,1
3,887,2
3,888,2
3,889,1
3,890,1
3,891,2
3,892,2
3,893,1
3,894,2
3,895,1
3,896,1
3,897,1
3,898,1
3,899,2
3,900,1
3,901,2
3,902,2
3,903,2
3,904,1
3,905,1
3,906,2
3,907,2
3,908,1
3,909,2
3,910,2
3,911,1
3,912,2
3,913,2
3,914,2
3,915,1
3,916,1
3,917,2
3,918,2
3,919,2
3,920,1
3,921,2
3,922,1
3,923,1
3,924,2
3,925,1
3,926,1
3,927,2
3,928,2
3,929,2
3,930,1
3,931,1
3,932,2
3,933,2
3,934,2
3,935,2
3,936,2
3,937,1
3,938,1
3,939,1
3,940,1
3,941,2
3,942,2
3,943,2
3,944,1
3,945,1
3,946,1
3,947,2
3,948,2
3,949,2
3,950,1
3,951,2
3,952,1
3,953,1
3,954,2
3,955,1
3,956,2
3,957,1
3,958,2
3,959,1
3,960,1
3,961,1
3,962,2
3,963,1
3,964,2
3,965,2
3,966,2
3,967,1
3,968,1
3,969,2
3,970,2
3,971,2
3,972,2
3,973,2
3,974,2
3,975,2
3,976,1
3,977,2
3,978,1
3,979,2
3,980,2
3,981,2
3,982,2
3,983,2
3,984,1
3,985,1
3,986,1
3,987,2
3,988,2
3,989,2
3,990,2
3,991,2
3,992,2
3,993,2
3,994,2
3,995,1
3,996,2
3,997,1
3,998,2
3,999,1
3,1000,2
